base:
  latitude: 21.311773      #N
  longitude: -157.889303  #E
  altitude: 0
